Akeeb Khandakar

Output of Mini Test:

[[125]]
[[125, 1]]
[[125, 1, 343]]
[[125, 1, 343, 64]]
[[125, 1, 343, 64, 512]]
[[125, 1, 343, 64, 512, 729]]
[[125, 1, 343, 64, 512, 729, 27]]
[[125, 1, 343, 64, 512, 729, 27, 8]]
[[125, 1, 343, 64, 512, 729, 27, 8, 0]]
[[125, 1, 343, 64, 512, 729, 27, 8, 0, 216]]
0 [125, 1, 343, 64, 512, 729, 27, 8, 0, 216]

0 0
1 1
2 None
3 343
4 64
5 125
6 None
7 27
8 8
9 729
10 None
11 None
12 512
13 None
14 None
15 None
16 216
17 None
18 None
19 None

Hash Chaining Search: 
[True, True, True, True, True, True, True, True, True, True]
Hash Probing Search: 
[True, True, True, True, True, True, True, True, True, True]

Output of Big Test:

Hash Probing
[0, 1, None, 19683, 64, 125, None, None, 8, 729, None, 1331, 5832, None, None, 3375, 4096, None, None, 6859, 8000, 9261, None, None, 13824, 15625, None, 27, 10648, 24389, None, None, 512, None, None, None, 216, 2197, None, None, 1000, None, None, 343, 2744, None, None, 12167, 1728, None, None, None, 21952, 4913, None, None, 17576, None, None, None]
[True, True, True, True, True, True, True, True, True, True, True, True, True, True, True, True, True, True, True, True, True, True, True, True, True, True, True, True, True, True]
[[], [], [24389]]
[[], [6859], [24389]]
[[13824], [6859], [24389]]
[[13824], [6859], [24389, 8000]]
[[13824], [6859, 15625], [24389, 8000]]
[[13824], [6859, 15625, 1000], [24389, 8000]]
[[13824], [6859, 15625, 1000, 343], [24389, 8000]]
[[13824, 3375], [6859, 15625, 1000, 343], [24389, 8000]]
[[13824, 3375], [6859, 15625, 1000, 343], [24389, 8000, 4913]]
[[13824, 3375], [6859, 15625, 1000, 343, 64], [24389, 8000, 4913]]
[[13824, 3375, 0], [6859, 15625, 1000, 343, 64], [24389, 8000, 4913]]
[[13824, 3375, 0], [6859, 15625, 1000, 343, 64], [24389, 8000, 4913, 8]]
[[13824, 3375, 0, 216], [6859, 15625, 1000, 343, 64], [24389, 8000, 4913, 8]]
[[13824, 3375, 0, 216, 729], [6859, 15625, 1000, 343, 64], [24389, 8000, 4913, 8]]
[[13824, 3375, 0, 216, 729], [6859, 15625, 1000, 343, 64, 2197], [24389, 8000, 4913, 8]]
[[13824, 3375, 0, 216, 729, 9261], [6859, 15625, 1000, 343, 64, 2197], [24389, 8000, 4913, 8]]
[[13824, 3375, 0, 216, 729, 9261, 27], [6859, 15625, 1000, 343, 64, 2197], [24389, 8000, 4913, 8]]
[[13824, 3375, 0, 216, 729, 9261, 27, 1728], [6859, 15625, 1000, 343, 64, 2197], [24389, 8000, 4913, 8]]
[[13824, 3375, 0, 216, 729, 9261, 27, 1728], [6859, 15625, 1000, 343, 64, 2197], [24389, 8000, 4913, 8, 125]]
[[13824, 3375, 0, 216, 729, 9261, 27, 1728], [6859, 15625, 1000, 343, 64, 2197], [24389, 8000, 4913, 8, 125, 2744]]
[[13824, 3375, 0, 216, 729, 9261, 27, 1728], [6859, 15625, 1000, 343, 64, 2197], [24389, 8000, 4913, 8, 125, 2744, 12167]]
[[13824, 3375, 0, 216, 729, 9261, 27, 1728], [6859, 15625, 1000, 343, 64, 2197], [24389, 8000, 4913, 8, 125, 2744, 12167, 1331]]
[[13824, 3375, 0, 216, 729, 9261, 27, 1728], [6859, 15625, 1000, 343, 64, 2197], [24389, 8000, 4913, 8, 125, 2744, 12167, 1331, 512]]
[[13824, 3375, 0, 216, 729, 9261, 27, 1728, 19683], [6859, 15625, 1000, 343, 64, 2197], [24389, 8000, 4913, 8, 125, 2744, 12167, 1331, 512]]
[[13824, 3375, 0, 216, 729, 9261, 27, 1728, 19683], [6859, 15625, 1000, 343, 64, 2197], [24389, 8000, 4913, 8, 125, 2744, 12167, 1331, 512, 17576]]
[[13824, 3375, 0, 216, 729, 9261, 27, 1728, 19683, 5832], [6859, 15625, 1000, 343, 64, 2197], [24389, 8000, 4913, 8, 125, 2744, 12167, 1331, 512, 17576]]
[[13824, 3375, 0, 216, 729, 9261, 27, 1728, 19683, 5832], [6859, 15625, 1000, 343, 64, 2197, 4096], [24389, 8000, 4913, 8, 125, 2744, 12167, 1331, 512, 17576]]
[[13824, 3375, 0, 216, 729, 9261, 27, 1728, 19683, 5832], [6859, 15625, 1000, 343, 64, 2197, 4096, 21952], [24389, 8000, 4913, 8, 125, 2744, 12167, 1331, 512, 17576]]
[[13824, 3375, 0, 216, 729, 9261, 27, 1728, 19683, 5832], [6859, 15625, 1000, 343, 64, 2197, 4096, 21952, 1], [24389, 8000, 4913, 8, 125, 2744, 12167, 1331, 512, 17576]]
[[13824, 3375, 0, 216, 729, 9261, 27, 1728, 19683, 5832], [6859, 15625, 1000, 343, 64, 2197, 4096, 21952, 1, 10648], [24389, 8000, 4913, 8, 125, 2744, 12167, 1331, 512, 17576]]
Hash Chaining
[[13824, 3375, 0, 216, 729, 9261, 27, 1728, 19683, 5832], [6859, 15625, 1000, 343, 64, 2197, 4096, 21952, 1, 10648], [24389, 8000, 4913, 8, 125, 2744, 12167, 1331, 512, 17576]]
[True, True, True, True, True, True, True, True, True, True, True, True, True, True, True, True, True, True, True, True, True, True, True, True, True, True, True, True, True, True]
Hash Probing
[0, 1, None, 19683, 64, 125, None, None, 8, 729, None, 1331, 5832, None, None, 3375, 4096, None, None, 6859, 8000, 9261, None, None, 13824, 15625, None, 27, 10648, 24389, None, None, 512, None, None, None, 216, 2197, None, None, 1000, None, None, 343, 2744, None, None, 12167, 1728, None, None, None, 21952, 4913, None, None, 17576, None, None, None]
[True, True, True, True, True, True, True, True, True, True, True, True, True, True, True, True, True, True, True, True, True, True, True, True, True, True, True, True, True, True]
[[3375], [], []]
[[3375, 27], [], []]
[[3375, 27], [], [512]]
[[3375, 27], [10648], [512]]
[[3375, 27, 5832], [10648], [512]]
[[3375, 27, 5832, 13824], [10648], [512]]
[[3375, 27, 5832, 13824], [10648, 2197], [512]]
[[3375, 27, 5832, 13824], [10648, 2197, 6859], [512]]
[[3375, 27, 5832, 13824, 9261], [10648, 2197, 6859], [512]]
[[3375, 27, 5832, 13824, 9261], [10648, 2197, 6859, 4096], [512]]
[[3375, 27, 5832, 13824, 9261], [10648, 2197, 6859, 4096, 64], [512]]
[[3375, 27, 5832, 13824, 9261], [10648, 2197, 6859, 4096, 64], [512, 24389]]
[[3375, 27, 5832, 13824, 9261], [10648, 2197, 6859, 4096, 64, 21952], [512, 24389]]
[[3375, 27, 5832, 13824, 9261, 1728], [10648, 2197, 6859, 4096, 64, 21952], [512, 24389]]
[[3375, 27, 5832, 13824, 9261, 1728], [10648, 2197, 6859, 4096, 64, 21952, 1], [512, 24389]]
[[3375, 27, 5832, 13824, 9261, 1728], [10648, 2197, 6859, 4096, 64, 21952, 1], [512, 24389, 8000]]
[[3375, 27, 5832, 13824, 9261, 1728, 729], [10648, 2197, 6859, 4096, 64, 21952, 1], [512, 24389, 8000]]
[[3375, 27, 5832, 13824, 9261, 1728, 729], [10648, 2197, 6859, 4096, 64, 21952, 1], [512, 24389, 8000, 17576]]
[[3375, 27, 5832, 13824, 9261, 1728, 729, 19683], [10648, 2197, 6859, 4096, 64, 21952, 1], [512, 24389, 8000, 17576]]
[[3375, 27, 5832, 13824, 9261, 1728, 729, 19683], [10648, 2197, 6859, 4096, 64, 21952, 1], [512, 24389, 8000, 17576, 125]]
[[3375, 27, 5832, 13824, 9261, 1728, 729, 19683], [10648, 2197, 6859, 4096, 64, 21952, 1], [512, 24389, 8000, 17576, 125, 1331]]
[[3375, 27, 5832, 13824, 9261, 1728, 729, 19683, 0], [10648, 2197, 6859, 4096, 64, 21952, 1], [512, 24389, 8000, 17576, 125, 1331]]
[[3375, 27, 5832, 13824, 9261, 1728, 729, 19683, 0], [10648, 2197, 6859, 4096, 64, 21952, 1], [512, 24389, 8000, 17576, 125, 1331, 2744]]
[[3375, 27, 5832, 13824, 9261, 1728, 729, 19683, 0], [10648, 2197, 6859, 4096, 64, 21952, 1], [512, 24389, 8000, 17576, 125, 1331, 2744, 8]]
[[3375, 27, 5832, 13824, 9261, 1728, 729, 19683, 0, 216], [10648, 2197, 6859, 4096, 64, 21952, 1], [512, 24389, 8000, 17576, 125, 1331, 2744, 8]]
[[3375, 27, 5832, 13824, 9261, 1728, 729, 19683, 0, 216], [10648, 2197, 6859, 4096, 64, 21952, 1, 15625], [512, 24389, 8000, 17576, 125, 1331, 2744, 8]]
[[3375, 27, 5832, 13824, 9261, 1728, 729, 19683, 0, 216], [10648, 2197, 6859, 4096, 64, 21952, 1, 15625], [512, 24389, 8000, 17576, 125, 1331, 2744, 8, 12167]]
[[3375, 27, 5832, 13824, 9261, 1728, 729, 19683, 0, 216], [10648, 2197, 6859, 4096, 64, 21952, 1, 15625], [512, 24389, 8000, 17576, 125, 1331, 2744, 8, 12167, 4913]]
[[3375, 27, 5832, 13824, 9261, 1728, 729, 19683, 0, 216], [10648, 2197, 6859, 4096, 64, 21952, 1, 15625, 1000], [512, 24389, 8000, 17576, 125, 1331, 2744, 8, 12167, 4913]]
[[3375, 27, 5832, 13824, 9261, 1728, 729, 19683, 0, 216], [10648, 2197, 6859, 4096, 64, 21952, 1, 15625, 1000, 343], [512, 24389, 8000, 17576, 125, 1331, 2744, 8, 12167, 4913]]
Hash Chaining
[[3375, 27, 5832, 13824, 9261, 1728, 729, 19683, 0, 216], [10648, 2197, 6859, 4096, 64, 21952, 1, 15625, 1000, 343], [512, 24389, 8000, 17576, 125, 1331, 2744, 8, 12167, 4913]]
[True, True, True, True, True, True, True, True, True, True, True, True, True, True, True, True, True, True, True, True, True, True, True, True, True, True, True, True, True, True]
Hash Probing
[0, 1, None, 19683, 64, 125, None, None, 8, 729, None, 1331, 5832, None, None, 3375, 4096, None, None, 6859, 8000, 9261, None, None, 13824, 15625, None, 27, 10648, 24389, None, None, 512, None, None, None, 216, 2197, None, None, 1000, None, None, 343, 2744, None, None, 12167, 1728, None, None, None, 21952, 4913, None, None, 17576, None, None, None]
[True, True, True, True, True, True, True, True, True, True, True, True, True, True, True, True, True, True, True, True, True, True, True, True, True, True, True, True, True, True]
[[729], [], []]
[[729], [1], []]
[[729], [1], [1331]]
[[729, 27], [1], [1331]]
[[729, 27], [1, 15625], [1331]]
[[729, 27], [1, 15625, 343], [1331]]
[[729, 27], [1, 15625, 343], [1331, 8]]
[[729, 27, 216], [1, 15625, 343], [1331, 8]]
[[729, 27, 216], [1, 15625, 343], [1331, 8, 24389]]
[[729, 27, 216, 9261], [1, 15625, 343], [1331, 8, 24389]]
[[729, 27, 216, 9261], [1, 15625, 343, 10648], [1331, 8, 24389]]
[[729, 27, 216, 9261], [1, 15625, 343, 10648], [1331, 8, 24389, 8000]]
[[729, 27, 216, 9261], [1, 15625, 343, 10648, 4096], [1331, 8, 24389, 8000]]
[[729, 27, 216, 9261, 3375], [1, 15625, 343, 10648, 4096], [1331, 8, 24389, 8000]]
[[729, 27, 216, 9261, 3375, 19683], [1, 15625, 343, 10648, 4096], [1331, 8, 24389, 8000]]
[[729, 27, 216, 9261, 3375, 19683, 1728], [1, 15625, 343, 10648, 4096], [1331, 8, 24389, 8000]]
[[729, 27, 216, 9261, 3375, 19683, 1728, 13824], [1, 15625, 343, 10648, 4096], [1331, 8, 24389, 8000]]
[[729, 27, 216, 9261, 3375, 19683, 1728, 13824], [1, 15625, 343, 10648, 4096, 6859], [1331, 8, 24389, 8000]]
[[729, 27, 216, 9261, 3375, 19683, 1728, 13824], [1, 15625, 343, 10648, 4096, 6859], [1331, 8, 24389, 8000, 17576]]
[[729, 27, 216, 9261, 3375, 19683, 1728, 13824], [1, 15625, 343, 10648, 4096, 6859], [1331, 8, 24389, 8000, 17576, 512]]
[[729, 27, 216, 9261, 3375, 19683, 1728, 13824], [1, 15625, 343, 10648, 4096, 6859, 2197], [1331, 8, 24389, 8000, 17576, 512]]
[[729, 27, 216, 9261, 3375, 19683, 1728, 13824], [1, 15625, 343, 10648, 4096, 6859, 2197], [1331, 8, 24389, 8000, 17576, 512, 12167]]
[[729, 27, 216, 9261, 3375, 19683, 1728, 13824], [1, 15625, 343, 10648, 4096, 6859, 2197, 64], [1331, 8, 24389, 8000, 17576, 512, 12167]]
[[729, 27, 216, 9261, 3375, 19683, 1728, 13824], [1, 15625, 343, 10648, 4096, 6859, 2197, 64, 1000], [1331, 8, 24389, 8000, 17576, 512, 12167]]
[[729, 27, 216, 9261, 3375, 19683, 1728, 13824, 5832], [1, 15625, 343, 10648, 4096, 6859, 2197, 64, 1000], [1331, 8, 24389, 8000, 17576, 512, 12167]]
[[729, 27, 216, 9261, 3375, 19683, 1728, 13824, 5832], [1, 15625, 343, 10648, 4096, 6859, 2197, 64, 1000], [1331, 8, 24389, 8000, 17576, 512, 12167, 4913]]
[[729, 27, 216, 9261, 3375, 19683, 1728, 13824, 5832, 0], [1, 15625, 343, 10648, 4096, 6859, 2197, 64, 1000], [1331, 8, 24389, 8000, 17576, 512, 12167, 4913]]
[[729, 27, 216, 9261, 3375, 19683, 1728, 13824, 5832, 0], [1, 15625, 343, 10648, 4096, 6859, 2197, 64, 1000], [1331, 8, 24389, 8000, 17576, 512, 12167, 4913, 125]]
[[729, 27, 216, 9261, 3375, 19683, 1728, 13824, 5832, 0], [1, 15625, 343, 10648, 4096, 6859, 2197, 64, 1000, 21952], [1331, 8, 24389, 8000, 17576, 512, 12167, 4913, 125]]
[[729, 27, 216, 9261, 3375, 19683, 1728, 13824, 5832, 0], [1, 15625, 343, 10648, 4096, 6859, 2197, 64, 1000, 21952], [1331, 8, 24389, 8000, 17576, 512, 12167, 4913, 125, 2744]]
Hash Chaining
[[729, 27, 216, 9261, 3375, 19683, 1728, 13824, 5832, 0], [1, 15625, 343, 10648, 4096, 6859, 2197, 64, 1000, 21952], [1331, 8, 24389, 8000, 17576, 512, 12167, 4913, 125, 2744]]
[True, True, True, True, True, True, True, True, True, True, True, True, True, True, True, True, True, True, True, True, True, True, True, True, True, True, True, True, True, True]
Hash Probing
[0, 1, None, 19683, 64, 125, None, None, 8, 729, None, 1331, 5832, None, None, 3375, 4096, None, None, 6859, 8000, 9261, None, None, 13824, 15625, None, 27, 10648, 24389, None, None, 512, None, None, None, 216, 2197, None, None, 1000, None, None, 343, 2744, None, None, 12167, 1728, None, None, None, 21952, 4913, None, None, 17576, None, None, None]
[True, True, True, True, True, True, True, True, True, True, True, True, True, True, True, True, True, True, True, True, True, True, True, True, True, True, True, True, True, True]
[[], [], [8000]]
[[], [], [8000, 8]]
[[13824], [], [8000, 8]]
[[13824, 27], [], [8000, 8]]
[[13824, 27], [], [8000, 8, 17576]]
[[13824, 27], [], [8000, 8, 17576, 12167]]
[[13824, 27], [15625], [8000, 8, 17576, 12167]]
[[13824, 27, 3375], [15625], [8000, 8, 17576, 12167]]
[[13824, 27, 3375], [15625], [8000, 8, 17576, 12167, 512]]
[[13824, 27, 3375, 9261], [15625], [8000, 8, 17576, 12167, 512]]
[[13824, 27, 3375, 9261], [15625, 1], [8000, 8, 17576, 12167, 512]]
[[13824, 27, 3375, 9261, 729], [15625, 1], [8000, 8, 17576, 12167, 512]]
[[13824, 27, 3375, 9261, 729, 5832], [15625, 1], [8000, 8, 17576, 12167, 512]]
[[13824, 27, 3375, 9261, 729, 5832], [15625, 1, 6859], [8000, 8, 17576, 12167, 512]]
[[13824, 27, 3375, 9261, 729, 5832], [15625, 1, 6859, 10648], [8000, 8, 17576, 12167, 512]]
[[13824, 27, 3375, 9261, 729, 5832], [15625, 1, 6859, 10648, 2197], [8000, 8, 17576, 12167, 512]]
[[13824, 27, 3375, 9261, 729, 5832], [15625, 1, 6859, 10648, 2197], [8000, 8, 17576, 12167, 512, 125]]
[[13824, 27, 3375, 9261, 729, 5832], [15625, 1, 6859, 10648, 2197, 64], [8000, 8, 17576, 12167, 512, 125]]
[[13824, 27, 3375, 9261, 729, 5832], [15625, 1, 6859, 10648, 2197, 64, 1000], [8000, 8, 17576, 12167, 512, 125]]
[[13824, 27, 3375, 9261, 729, 5832, 1728], [15625, 1, 6859, 10648, 2197, 64, 1000], [8000, 8, 17576, 12167, 512, 125]]
[[13824, 27, 3375, 9261, 729, 5832, 1728], [15625, 1, 6859, 10648, 2197, 64, 1000, 343], [8000, 8, 17576, 12167, 512, 125]]
[[13824, 27, 3375, 9261, 729, 5832, 1728], [15625, 1, 6859, 10648, 2197, 64, 1000, 343], [8000, 8, 17576, 12167, 512, 125, 1331]]
[[13824, 27, 3375, 9261, 729, 5832, 1728, 216], [15625, 1, 6859, 10648, 2197, 64, 1000, 343], [8000, 8, 17576, 12167, 512, 125, 1331]]
[[13824, 27, 3375, 9261, 729, 5832, 1728, 216, 19683], [15625, 1, 6859, 10648, 2197, 64, 1000, 343], [8000, 8, 17576, 12167, 512, 125, 1331]]
[[13824, 27, 3375, 9261, 729, 5832, 1728, 216, 19683], [15625, 1, 6859, 10648, 2197, 64, 1000, 343], [8000, 8, 17576, 12167, 512, 125, 1331, 4913]]
[[13824, 27, 3375, 9261, 729, 5832, 1728, 216, 19683], [15625, 1, 6859, 10648, 2197, 64, 1000, 343, 4096], [8000, 8, 17576, 12167, 512, 125, 1331, 4913]]
[[13824, 27, 3375, 9261, 729, 5832, 1728, 216, 19683], [15625, 1, 6859, 10648, 2197, 64, 1000, 343, 4096], [8000, 8, 17576, 12167, 512, 125, 1331, 4913, 2744]]
[[13824, 27, 3375, 9261, 729, 5832, 1728, 216, 19683, 0], [15625, 1, 6859, 10648, 2197, 64, 1000, 343, 4096], [8000, 8, 17576, 12167, 512, 125, 1331, 4913, 2744]]
[[13824, 27, 3375, 9261, 729, 5832, 1728, 216, 19683, 0], [15625, 1, 6859, 10648, 2197, 64, 1000, 343, 4096, 21952], [8000, 8, 17576, 12167, 512, 125, 1331, 4913, 2744]]
[[13824, 27, 3375, 9261, 729, 5832, 1728, 216, 19683, 0], [15625, 1, 6859, 10648, 2197, 64, 1000, 343, 4096, 21952], [8000, 8, 17576, 12167, 512, 125, 1331, 4913, 2744, 24389]]
Hash Chaining
[[13824, 27, 3375, 9261, 729, 5832, 1728, 216, 19683, 0], [15625, 1, 6859, 10648, 2197, 64, 1000, 343, 4096, 21952], [8000, 8, 17576, 12167, 512, 125, 1331, 4913, 2744, 24389]]
[True, True, True, True, True, True, True, True, True, True, True, True, True, True, True, True, True, True, True, True, True, True, True, True, True, True, True, True, True, True]
Hash Probing
[0, 1, None, 19683, 64, 125, None, None, 8, 729, None, 1331, 5832, None, None, 3375, 4096, None, None, 6859, 8000, 9261, None, None, 13824, 15625, None, 27, 10648, 24389, None, None, 512, None, None, None, 216, 2197, None, None, 1000, None, None, 343, 2744, None, None, 12167, 1728, None, None, None, 21952, 4913, None, None, 17576, None, None, None]
[True, True, True, True, True, True, True, True, True, True, True, True, True, True, True, True, True, True, True, True, True, True, True, True, True, True, True, True, True, True]
[[13824], [], []]
[[13824], [], [12167]]
[[13824], [343], [12167]]
[[13824, 19683], [343], [12167]]
[[13824, 19683], [343], [12167, 8000]]
[[13824, 19683], [343, 64], [12167, 8000]]
[[13824, 19683], [343, 64, 1], [12167, 8000]]
[[13824, 19683], [343, 64, 1], [12167, 8000, 4913]]
[[13824, 19683], [343, 64, 1], [12167, 8000, 4913, 125]]
[[13824, 19683, 27], [343, 64, 1], [12167, 8000, 4913, 125]]
[[13824, 19683, 27], [343, 64, 1, 4096], [12167, 8000, 4913, 125]]
[[13824, 19683, 27], [343, 64, 1, 4096], [12167, 8000, 4913, 125, 512]]
[[13824, 19683, 27], [343, 64, 1, 4096, 6859], [12167, 8000, 4913, 125, 512]]
[[13824, 19683, 27], [343, 64, 1, 4096, 6859, 15625], [12167, 8000, 4913, 125, 512]]
[[13824, 19683, 27], [343, 64, 1, 4096, 6859, 15625], [12167, 8000, 4913, 125, 512, 2744]]
[[13824, 19683, 27], [343, 64, 1, 4096, 6859, 15625], [12167, 8000, 4913, 125, 512, 2744, 8]]
[[13824, 19683, 27, 0], [343, 64, 1, 4096, 6859, 15625], [12167, 8000, 4913, 125, 512, 2744, 8]]
[[13824, 19683, 27, 0], [343, 64, 1, 4096, 6859, 15625, 21952], [12167, 8000, 4913, 125, 512, 2744, 8]]
[[13824, 19683, 27, 0], [343, 64, 1, 4096, 6859, 15625, 21952], [12167, 8000, 4913, 125, 512, 2744, 8, 17576]]
[[13824, 19683, 27, 0], [343, 64, 1, 4096, 6859, 15625, 21952, 10648], [12167, 8000, 4913, 125, 512, 2744, 8, 17576]]
[[13824, 19683, 27, 0], [343, 64, 1, 4096, 6859, 15625, 21952, 10648, 1000], [12167, 8000, 4913, 125, 512, 2744, 8, 17576]]
[[13824, 19683, 27, 0, 3375], [343, 64, 1, 4096, 6859, 15625, 21952, 10648, 1000], [12167, 8000, 4913, 125, 512, 2744, 8, 17576]]
[[13824, 19683, 27, 0, 3375, 216], [343, 64, 1, 4096, 6859, 15625, 21952, 10648, 1000], [12167, 8000, 4913, 125, 512, 2744, 8, 17576]]
[[13824, 19683, 27, 0, 3375, 216], [343, 64, 1, 4096, 6859, 15625, 21952, 10648, 1000], [12167, 8000, 4913, 125, 512, 2744, 8, 17576, 1331]]
[[13824, 19683, 27, 0, 3375, 216], [343, 64, 1, 4096, 6859, 15625, 21952, 10648, 1000], [12167, 8000, 4913, 125, 512, 2744, 8, 17576, 1331, 24389]]
[[13824, 19683, 27, 0, 3375, 216, 5832], [343, 64, 1, 4096, 6859, 15625, 21952, 10648, 1000], [12167, 8000, 4913, 125, 512, 2744, 8, 17576, 1331, 24389]]
[[13824, 19683, 27, 0, 3375, 216, 5832, 729], [343, 64, 1, 4096, 6859, 15625, 21952, 10648, 1000], [12167, 8000, 4913, 125, 512, 2744, 8, 17576, 1331, 24389]]
[[13824, 19683, 27, 0, 3375, 216, 5832, 729, 9261], [343, 64, 1, 4096, 6859, 15625, 21952, 10648, 1000], [12167, 8000, 4913, 125, 512, 2744, 8, 17576, 1331, 24389]]
[[13824, 19683, 27, 0, 3375, 216, 5832, 729, 9261, 1728], [343, 64, 1, 4096, 6859, 15625, 21952, 10648, 1000], [12167, 8000, 4913, 125, 512, 2744, 8, 17576, 1331, 24389]]
[[13824, 19683, 27, 0, 3375, 216, 5832, 729, 9261, 1728], [343, 64, 1, 4096, 6859, 15625, 21952, 10648, 1000, 2197], [12167, 8000, 4913, 125, 512, 2744, 8, 17576, 1331, 24389]]
Hash Chaining
[[13824, 19683, 27, 0, 3375, 216, 5832, 729, 9261, 1728], [343, 64, 1, 4096, 6859, 15625, 21952, 10648, 1000, 2197], [12167, 8000, 4913, 125, 512, 2744, 8, 17576, 1331, 24389]]
[True, True, True, True, True, True, True, True, True, True, True, True, True, True, True, True, True, True, True, True, True, True, True, True, True, True, True, True, True, True]
Hash Probing
[0, 1, None, 19683, 64, 125, None, None, 8, 729, None, 1331, 5832, None, None, 3375, 4096, None, None, 6859, 8000, 9261, None, None, 13824, 15625, None, 27, 10648, 24389, None, None, 512, None, None, None, 216, 2197, None, None, 1000, None, None, 343, 2744, None, None, 12167, 1728, None, None, None, 21952, 4913, None, None, 17576, None, None, None]
[True, True, True, True, True, True, True, True, True, True, True, True, True, True, True, True, True, True, True, True, True, True, True, True, True, True, True, True, True, True]
[[5832], [], []]
[[5832, 216], [], []]
[[5832, 216, 1728], [], []]
[[5832, 216, 1728], [], [24389]]
[[5832, 216, 1728], [], [24389, 8]]
[[5832, 216, 1728, 9261], [], [24389, 8]]
[[5832, 216, 1728, 9261], [], [24389, 8, 2744]]
[[5832, 216, 1728, 9261], [], [24389, 8, 2744, 4913]]
[[5832, 216, 1728, 9261, 0], [], [24389, 8, 2744, 4913]]
[[5832, 216, 1728, 9261, 0], [], [24389, 8, 2744, 4913, 512]]
[[5832, 216, 1728, 9261, 0], [], [24389, 8, 2744, 4913, 512, 8000]]
[[5832, 216, 1728, 9261, 0, 729], [], [24389, 8, 2744, 4913, 512, 8000]]
[[5832, 216, 1728, 9261, 0, 729], [343], [24389, 8, 2744, 4913, 512, 8000]]
[[5832, 216, 1728, 9261, 0, 729, 19683], [343], [24389, 8, 2744, 4913, 512, 8000]]
[[5832, 216, 1728, 9261, 0, 729, 19683], [343, 64], [24389, 8, 2744, 4913, 512, 8000]]
[[5832, 216, 1728, 9261, 0, 729, 19683, 27], [343, 64], [24389, 8, 2744, 4913, 512, 8000]]
[[5832, 216, 1728, 9261, 0, 729, 19683, 27], [343, 64], [24389, 8, 2744, 4913, 512, 8000, 1331]]
[[5832, 216, 1728, 9261, 0, 729, 19683, 27], [343, 64, 4096], [24389, 8, 2744, 4913, 512, 8000, 1331]]
[[5832, 216, 1728, 9261, 0, 729, 19683, 27], [343, 64, 4096], [24389, 8, 2744, 4913, 512, 8000, 1331, 125]]
[[5832, 216, 1728, 9261, 0, 729, 19683, 27], [343, 64, 4096, 21952], [24389, 8, 2744, 4913, 512, 8000, 1331, 125]]
[[5832, 216, 1728, 9261, 0, 729, 19683, 27], [343, 64, 4096, 21952], [24389, 8, 2744, 4913, 512, 8000, 1331, 125, 17576]]
[[5832, 216, 1728, 9261, 0, 729, 19683, 27], [343, 64, 4096, 21952, 1000], [24389, 8, 2744, 4913, 512, 8000, 1331, 125, 17576]]
[[5832, 216, 1728, 9261, 0, 729, 19683, 27, 13824], [343, 64, 4096, 21952, 1000], [24389, 8, 2744, 4913, 512, 8000, 1331, 125, 17576]]
[[5832, 216, 1728, 9261, 0, 729, 19683, 27, 13824], [343, 64, 4096, 21952, 1000, 2197], [24389, 8, 2744, 4913, 512, 8000, 1331, 125, 17576]]
[[5832, 216, 1728, 9261, 0, 729, 19683, 27, 13824], [343, 64, 4096, 21952, 1000, 2197, 6859], [24389, 8, 2744, 4913, 512, 8000, 1331, 125, 17576]]
[[5832, 216, 1728, 9261, 0, 729, 19683, 27, 13824, 3375], [343, 64, 4096, 21952, 1000, 2197, 6859], [24389, 8, 2744, 4913, 512, 8000, 1331, 125, 17576]]
[[5832, 216, 1728, 9261, 0, 729, 19683, 27, 13824, 3375], [343, 64, 4096, 21952, 1000, 2197, 6859, 1], [24389, 8, 2744, 4913, 512, 8000, 1331, 125, 17576]]
[[5832, 216, 1728, 9261, 0, 729, 19683, 27, 13824, 3375], [343, 64, 4096, 21952, 1000, 2197, 6859, 1, 10648], [24389, 8, 2744, 4913, 512, 8000, 1331, 125, 17576]]
[[5832, 216, 1728, 9261, 0, 729, 19683, 27, 13824, 3375], [343, 64, 4096, 21952, 1000, 2197, 6859, 1, 10648], [24389, 8, 2744, 4913, 512, 8000, 1331, 125, 17576, 12167]]
[[5832, 216, 1728, 9261, 0, 729, 19683, 27, 13824, 3375], [343, 64, 4096, 21952, 1000, 2197, 6859, 1, 10648, 15625], [24389, 8, 2744, 4913, 512, 8000, 1331, 125, 17576, 12167]]
Hash Chaining
[[5832, 216, 1728, 9261, 0, 729, 19683, 27, 13824, 3375], [343, 64, 4096, 21952, 1000, 2197, 6859, 1, 10648, 15625], [24389, 8, 2744, 4913, 512, 8000, 1331, 125, 17576, 12167]]
[True, True, True, True, True, True, True, True, True, True, True, True, True, True, True, True, True, True, True, True, True, True, True, True, True, True, True, True, True, True]
Hash Probing
[0, 1, None, 19683, 64, 125, None, None, 8, 729, None, 1331, 5832, None, None, 3375, 4096, None, None, 6859, 8000, 9261, None, None, 13824, 15625, None, 27, 10648, 24389, None, None, 512, None, None, None, 216, 2197, None, None, 1000, None, None, 343, 2744, None, None, 12167, 1728, None, None, None, 21952, 4913, None, None, 17576, None, None, None]
[True, True, True, True, True, True, True, True, True, True, True, True, True, True, True, True, True, True, True, True, True, True, True, True, True, True, True, True, True, True]
[[], [], [12167]]
[[], [], [12167, 2744]]
[[], [10648], [12167, 2744]]
[[], [10648], [12167, 2744, 17576]]
[[3375], [10648], [12167, 2744, 17576]]
[[3375], [10648, 21952], [12167, 2744, 17576]]
[[3375], [10648, 21952, 4096], [12167, 2744, 17576]]
[[3375], [10648, 21952, 4096, 1000], [12167, 2744, 17576]]
[[3375], [10648, 21952, 4096, 1000], [12167, 2744, 17576, 512]]
[[3375], [10648, 21952, 4096, 1000], [12167, 2744, 17576, 512, 4913]]
[[3375, 27], [10648, 21952, 4096, 1000], [12167, 2744, 17576, 512, 4913]]
[[3375, 27, 19683], [10648, 21952, 4096, 1000], [12167, 2744, 17576, 512, 4913]]
[[3375, 27, 19683], [10648, 21952, 4096, 1000], [12167, 2744, 17576, 512, 4913, 8]]
[[3375, 27, 19683], [10648, 21952, 4096, 1000, 64], [12167, 2744, 17576, 512, 4913, 8]]
[[3375, 27, 19683, 1728], [10648, 21952, 4096, 1000, 64], [12167, 2744, 17576, 512, 4913, 8]]
[[3375, 27, 19683, 1728], [10648, 21952, 4096, 1000, 64, 15625], [12167, 2744, 17576, 512, 4913, 8]]
[[3375, 27, 19683, 1728, 729], [10648, 21952, 4096, 1000, 64, 15625], [12167, 2744, 17576, 512, 4913, 8]]
[[3375, 27, 19683, 1728, 729], [10648, 21952, 4096, 1000, 64, 15625, 343], [12167, 2744, 17576, 512, 4913, 8]]
[[3375, 27, 19683, 1728, 729, 13824], [10648, 21952, 4096, 1000, 64, 15625, 343], [12167, 2744, 17576, 512, 4913, 8]]
[[3375, 27, 19683, 1728, 729, 13824, 5832], [10648, 21952, 4096, 1000, 64, 15625, 343], [12167, 2744, 17576, 512, 4913, 8]]
[[3375, 27, 19683, 1728, 729, 13824, 5832], [10648, 21952, 4096, 1000, 64, 15625, 343], [12167, 2744, 17576, 512, 4913, 8, 24389]]
[[3375, 27, 19683, 1728, 729, 13824, 5832, 0], [10648, 21952, 4096, 1000, 64, 15625, 343], [12167, 2744, 17576, 512, 4913, 8, 24389]]
[[3375, 27, 19683, 1728, 729, 13824, 5832, 0, 9261], [10648, 21952, 4096, 1000, 64, 15625, 343], [12167, 2744, 17576, 512, 4913, 8, 24389]]
[[3375, 27, 19683, 1728, 729, 13824, 5832, 0, 9261], [10648, 21952, 4096, 1000, 64, 15625, 343, 6859], [12167, 2744, 17576, 512, 4913, 8, 24389]]
[[3375, 27, 19683, 1728, 729, 13824, 5832, 0, 9261, 216], [10648, 21952, 4096, 1000, 64, 15625, 343, 6859], [12167, 2744, 17576, 512, 4913, 8, 24389]]
[[3375, 27, 19683, 1728, 729, 13824, 5832, 0, 9261, 216], [10648, 21952, 4096, 1000, 64, 15625, 343, 6859, 1], [12167, 2744, 17576, 512, 4913, 8, 24389]]
[[3375, 27, 19683, 1728, 729, 13824, 5832, 0, 9261, 216], [10648, 21952, 4096, 1000, 64, 15625, 343, 6859, 1, 2197], [12167, 2744, 17576, 512, 4913, 8, 24389]]
[[3375, 27, 19683, 1728, 729, 13824, 5832, 0, 9261, 216], [10648, 21952, 4096, 1000, 64, 15625, 343, 6859, 1, 2197], [12167, 2744, 17576, 512, 4913, 8, 24389, 1331]]
[[3375, 27, 19683, 1728, 729, 13824, 5832, 0, 9261, 216], [10648, 21952, 4096, 1000, 64, 15625, 343, 6859, 1, 2197], [12167, 2744, 17576, 512, 4913, 8, 24389, 1331, 8000]]
[[3375, 27, 19683, 1728, 729, 13824, 5832, 0, 9261, 216], [10648, 21952, 4096, 1000, 64, 15625, 343, 6859, 1, 2197], [12167, 2744, 17576, 512, 4913, 8, 24389, 1331, 8000, 125]]
Hash Chaining
[[3375, 27, 19683, 1728, 729, 13824, 5832, 0, 9261, 216], [10648, 21952, 4096, 1000, 64, 15625, 343, 6859, 1, 2197], [12167, 2744, 17576, 512, 4913, 8, 24389, 1331, 8000, 125]]
[True, True, True, True, True, True, True, True, True, True, True, True, True, True, True, True, True, True, True, True, True, True, True, True, True, True, True, True, True, True]
Hash Probing
[0, 1, None, 19683, 64, 125, None, None, 8, 729, None, 1331, 5832, None, None, 3375, 4096, None, None, 6859, 8000, 9261, None, None, 13824, 15625, None, 27, 10648, 24389, None, None, 512, None, None, None, 216, 2197, None, None, 1000, None, None, 343, 2744, None, None, 12167, 1728, None, None, None, 21952, 4913, None, None, 17576, None, None, None]
[True, True, True, True, True, True, True, True, True, True, True, True, True, True, True, True, True, True, True, True, True, True, True, True, True, True, True, True, True, True]
[[], [], [8]]
[[], [4096], [8]]
[[], [4096, 2197], [8]]
[[], [4096, 2197, 15625], [8]]
[[], [4096, 2197, 15625], [8, 8000]]
[[9261], [4096, 2197, 15625], [8, 8000]]
[[9261], [4096, 2197, 15625, 21952], [8, 8000]]
[[9261, 0], [4096, 2197, 15625, 21952], [8, 8000]]
[[9261, 0, 729], [4096, 2197, 15625, 21952], [8, 8000]]
[[9261, 0, 729], [4096, 2197, 15625, 21952], [8, 8000, 125]]
[[9261, 0, 729, 5832], [4096, 2197, 15625, 21952], [8, 8000, 125]]
[[9261, 0, 729, 5832], [4096, 2197, 15625, 21952, 1000], [8, 8000, 125]]
[[9261, 0, 729, 5832, 3375], [4096, 2197, 15625, 21952, 1000], [8, 8000, 125]]
[[9261, 0, 729, 5832, 3375, 1728], [4096, 2197, 15625, 21952, 1000], [8, 8000, 125]]
[[9261, 0, 729, 5832, 3375, 1728, 216], [4096, 2197, 15625, 21952, 1000], [8, 8000, 125]]
[[9261, 0, 729, 5832, 3375, 1728, 216], [4096, 2197, 15625, 21952, 1000, 64], [8, 8000, 125]]
[[9261, 0, 729, 5832, 3375, 1728, 216, 27], [4096, 2197, 15625, 21952, 1000, 64], [8, 8000, 125]]
[[9261, 0, 729, 5832, 3375, 1728, 216, 27], [4096, 2197, 15625, 21952, 1000, 64], [8, 8000, 125, 24389]]
[[9261, 0, 729, 5832, 3375, 1728, 216, 27], [4096, 2197, 15625, 21952, 1000, 64, 1], [8, 8000, 125, 24389]]
[[9261, 0, 729, 5832, 3375, 1728, 216, 27], [4096, 2197, 15625, 21952, 1000, 64, 1], [8, 8000, 125, 24389, 4913]]
[[9261, 0, 729, 5832, 3375, 1728, 216, 27], [4096, 2197, 15625, 21952, 1000, 64, 1], [8, 8000, 125, 24389, 4913, 12167]]
[[9261, 0, 729, 5832, 3375, 1728, 216, 27], [4096, 2197, 15625, 21952, 1000, 64, 1, 10648], [8, 8000, 125, 24389, 4913, 12167]]
[[9261, 0, 729, 5832, 3375, 1728, 216, 27], [4096, 2197, 15625, 21952, 1000, 64, 1, 10648], [8, 8000, 125, 24389, 4913, 12167, 1331]]
[[9261, 0, 729, 5832, 3375, 1728, 216, 27], [4096, 2197, 15625, 21952, 1000, 64, 1, 10648], [8, 8000, 125, 24389, 4913, 12167, 1331, 2744]]
[[9261, 0, 729, 5832, 3375, 1728, 216, 27], [4096, 2197, 15625, 21952, 1000, 64, 1, 10648], [8, 8000, 125, 24389, 4913, 12167, 1331, 2744, 17576]]
[[9261, 0, 729, 5832, 3375, 1728, 216, 27], [4096, 2197, 15625, 21952, 1000, 64, 1, 10648], [8, 8000, 125, 24389, 4913, 12167, 1331, 2744, 17576, 512]]
[[9261, 0, 729, 5832, 3375, 1728, 216, 27], [4096, 2197, 15625, 21952, 1000, 64, 1, 10648, 6859], [8, 8000, 125, 24389, 4913, 12167, 1331, 2744, 17576, 512]]
[[9261, 0, 729, 5832, 3375, 1728, 216, 27, 13824], [4096, 2197, 15625, 21952, 1000, 64, 1, 10648, 6859], [8, 8000, 125, 24389, 4913, 12167, 1331, 2744, 17576, 512]]
[[9261, 0, 729, 5832, 3375, 1728, 216, 27, 13824, 19683], [4096, 2197, 15625, 21952, 1000, 64, 1, 10648, 6859], [8, 8000, 125, 24389, 4913, 12167, 1331, 2744, 17576, 512]]
[[9261, 0, 729, 5832, 3375, 1728, 216, 27, 13824, 19683], [4096, 2197, 15625, 21952, 1000, 64, 1, 10648, 6859, 343], [8, 8000, 125, 24389, 4913, 12167, 1331, 2744, 17576, 512]]
Hash Chaining
[[9261, 0, 729, 5832, 3375, 1728, 216, 27, 13824, 19683], [4096, 2197, 15625, 21952, 1000, 64, 1, 10648, 6859, 343], [8, 8000, 125, 24389, 4913, 12167, 1331, 2744, 17576, 512]]
[True, True, True, True, True, True, True, True, True, True, True, True, True, True, True, True, True, True, True, True, True, True, True, True, True, True, True, True, True, True]
Hash Probing
[0, 1, None, 19683, 64, 125, None, None, 8, 729, None, 1331, 5832, None, None, 3375, 4096, None, None, 6859, 8000, 9261, None, None, 13824, 15625, None, 27, 10648, 24389, None, None, 512, None, None, None, 216, 2197, None, None, 1000, None, None, 343, 2744, None, None, 12167, 1728, None, None, None, 21952, 4913, None, None, 17576, None, None, None]
[True, True, True, True, True, True, True, True, True, True, True, True, True, True, True, True, True, True, True, True, True, True, True, True, True, True, True, True, True, True]
[[], [], [8]]
[[], [2197], [8]]
[[], [2197, 4096], [8]]
[[27], [2197, 4096], [8]]
[[27, 0], [2197, 4096], [8]]
[[27, 0], [2197, 4096, 1000], [8]]
[[27, 0], [2197, 4096, 1000], [8, 1331]]
[[27, 0], [2197, 4096, 1000], [8, 1331, 2744]]
[[27, 0], [2197, 4096, 1000, 10648], [8, 1331, 2744]]
[[27, 0, 1728], [2197, 4096, 1000, 10648], [8, 1331, 2744]]
[[27, 0, 1728, 9261], [2197, 4096, 1000, 10648], [8, 1331, 2744]]
[[27, 0, 1728, 9261], [2197, 4096, 1000, 10648], [8, 1331, 2744, 4913]]
[[27, 0, 1728, 9261], [2197, 4096, 1000, 10648, 21952], [8, 1331, 2744, 4913]]
[[27, 0, 1728, 9261], [2197, 4096, 1000, 10648, 21952], [8, 1331, 2744, 4913, 512]]
[[27, 0, 1728, 9261], [2197, 4096, 1000, 10648, 21952, 1], [8, 1331, 2744, 4913, 512]]
[[27, 0, 1728, 9261], [2197, 4096, 1000, 10648, 21952, 1], [8, 1331, 2744, 4913, 512, 17576]]
[[27, 0, 1728, 9261, 3375], [2197, 4096, 1000, 10648, 21952, 1], [8, 1331, 2744, 4913, 512, 17576]]
[[27, 0, 1728, 9261, 3375], [2197, 4096, 1000, 10648, 21952, 1, 6859], [8, 1331, 2744, 4913, 512, 17576]]
[[27, 0, 1728, 9261, 3375], [2197, 4096, 1000, 10648, 21952, 1, 6859, 15625], [8, 1331, 2744, 4913, 512, 17576]]
[[27, 0, 1728, 9261, 3375, 216], [2197, 4096, 1000, 10648, 21952, 1, 6859, 15625], [8, 1331, 2744, 4913, 512, 17576]]
[[27, 0, 1728, 9261, 3375, 216], [2197, 4096, 1000, 10648, 21952, 1, 6859, 15625], [8, 1331, 2744, 4913, 512, 17576, 8000]]
[[27, 0, 1728, 9261, 3375, 216, 13824], [2197, 4096, 1000, 10648, 21952, 1, 6859, 15625], [8, 1331, 2744, 4913, 512, 17576, 8000]]
[[27, 0, 1728, 9261, 3375, 216, 13824, 19683], [2197, 4096, 1000, 10648, 21952, 1, 6859, 15625], [8, 1331, 2744, 4913, 512, 17576, 8000]]
[[27, 0, 1728, 9261, 3375, 216, 13824, 19683], [2197, 4096, 1000, 10648, 21952, 1, 6859, 15625], [8, 1331, 2744, 4913, 512, 17576, 8000, 125]]
[[27, 0, 1728, 9261, 3375, 216, 13824, 19683, 729], [2197, 4096, 1000, 10648, 21952, 1, 6859, 15625], [8, 1331, 2744, 4913, 512, 17576, 8000, 125]]
[[27, 0, 1728, 9261, 3375, 216, 13824, 19683, 729, 5832], [2197, 4096, 1000, 10648, 21952, 1, 6859, 15625], [8, 1331, 2744, 4913, 512, 17576, 8000, 125]]
[[27, 0, 1728, 9261, 3375, 216, 13824, 19683, 729, 5832], [2197, 4096, 1000, 10648, 21952, 1, 6859, 15625, 64], [8, 1331, 2744, 4913, 512, 17576, 8000, 125]]
[[27, 0, 1728, 9261, 3375, 216, 13824, 19683, 729, 5832], [2197, 4096, 1000, 10648, 21952, 1, 6859, 15625, 64], [8, 1331, 2744, 4913, 512, 17576, 8000, 125, 12167]]
[[27, 0, 1728, 9261, 3375, 216, 13824, 19683, 729, 5832], [2197, 4096, 1000, 10648, 21952, 1, 6859, 15625, 64, 343], [8, 1331, 2744, 4913, 512, 17576, 8000, 125, 12167]]
[[27, 0, 1728, 9261, 3375, 216, 13824, 19683, 729, 5832], [2197, 4096, 1000, 10648, 21952, 1, 6859, 15625, 64, 343], [8, 1331, 2744, 4913, 512, 17576, 8000, 125, 12167, 24389]]
Hash Chaining
[[27, 0, 1728, 9261, 3375, 216, 13824, 19683, 729, 5832], [2197, 4096, 1000, 10648, 21952, 1, 6859, 15625, 64, 343], [8, 1331, 2744, 4913, 512, 17576, 8000, 125, 12167, 24389]]
[True, True, True, True, True, True, True, True, True, True, True, True, True, True, True, True, True, True, True, True, True, True, True, True, True, True, True, True, True, True]
Hash Probing
[0, 1, None, 19683, 64, 125, None, None, 8, 729, None, 1331, 5832, None, None, 3375, 4096, None, None, 6859, 8000, 9261, None, None, 13824, 15625, None, 27, 10648, 24389, None, None, 512, None, None, None, 216, 2197, None, None, 1000, None, None, 343, 2744, None, None, 12167, 1728, None, None, None, 21952, 4913, None, None, 17576, None, None, None]
[True, True, True, True, True, True, True, True, True, True, True, True, True, True, True, True, True, True, True, True, True, True, True, True, True, True, True, True, True, True]
[[], [], [512]]
[[], [2197], [512]]
[[], [2197], [512, 8000]]
[[], [2197, 6859], [512, 8000]]
[[5832], [2197, 6859], [512, 8000]]
[[5832, 0], [2197, 6859], [512, 8000]]
[[5832, 0], [2197, 6859, 1000], [512, 8000]]
[[5832, 0, 1728], [2197, 6859, 1000], [512, 8000]]
[[5832, 0, 1728], [2197, 6859, 1000, 4096], [512, 8000]]
[[5832, 0, 1728, 19683], [2197, 6859, 1000, 4096], [512, 8000]]
[[5832, 0, 1728, 19683], [2197, 6859, 1000, 4096], [512, 8000, 12167]]
[[5832, 0, 1728, 19683], [2197, 6859, 1000, 4096], [512, 8000, 12167, 24389]]
[[5832, 0, 1728, 19683], [2197, 6859, 1000, 4096, 15625], [512, 8000, 12167, 24389]]
[[5832, 0, 1728, 19683], [2197, 6859, 1000, 4096, 15625], [512, 8000, 12167, 24389, 125]]
[[5832, 0, 1728, 19683], [2197, 6859, 1000, 4096, 15625, 10648], [512, 8000, 12167, 24389, 125]]
[[5832, 0, 1728, 19683], [2197, 6859, 1000, 4096, 15625, 10648], [512, 8000, 12167, 24389, 125, 2744]]
[[5832, 0, 1728, 19683, 729], [2197, 6859, 1000, 4096, 15625, 10648], [512, 8000, 12167, 24389, 125, 2744]]
[[5832, 0, 1728, 19683, 729], [2197, 6859, 1000, 4096, 15625, 10648, 1], [512, 8000, 12167, 24389, 125, 2744]]
[[5832, 0, 1728, 19683, 729, 3375], [2197, 6859, 1000, 4096, 15625, 10648, 1], [512, 8000, 12167, 24389, 125, 2744]]
[[5832, 0, 1728, 19683, 729, 3375, 27], [2197, 6859, 1000, 4096, 15625, 10648, 1], [512, 8000, 12167, 24389, 125, 2744]]
[[5832, 0, 1728, 19683, 729, 3375, 27], [2197, 6859, 1000, 4096, 15625, 10648, 1], [512, 8000, 12167, 24389, 125, 2744, 1331]]
[[5832, 0, 1728, 19683, 729, 3375, 27, 216], [2197, 6859, 1000, 4096, 15625, 10648, 1], [512, 8000, 12167, 24389, 125, 2744, 1331]]
[[5832, 0, 1728, 19683, 729, 3375, 27, 216], [2197, 6859, 1000, 4096, 15625, 10648, 1], [512, 8000, 12167, 24389, 125, 2744, 1331, 17576]]
[[5832, 0, 1728, 19683, 729, 3375, 27, 216], [2197, 6859, 1000, 4096, 15625, 10648, 1, 21952], [512, 8000, 12167, 24389, 125, 2744, 1331, 17576]]
[[5832, 0, 1728, 19683, 729, 3375, 27, 216, 9261], [2197, 6859, 1000, 4096, 15625, 10648, 1, 21952], [512, 8000, 12167, 24389, 125, 2744, 1331, 17576]]
[[5832, 0, 1728, 19683, 729, 3375, 27, 216, 9261], [2197, 6859, 1000, 4096, 15625, 10648, 1, 21952, 64], [512, 8000, 12167, 24389, 125, 2744, 1331, 17576]]
[[5832, 0, 1728, 19683, 729, 3375, 27, 216, 9261], [2197, 6859, 1000, 4096, 15625, 10648, 1, 21952, 64], [512, 8000, 12167, 24389, 125, 2744, 1331, 17576, 4913]]
[[5832, 0, 1728, 19683, 729, 3375, 27, 216, 9261], [2197, 6859, 1000, 4096, 15625, 10648, 1, 21952, 64], [512, 8000, 12167, 24389, 125, 2744, 1331, 17576, 4913, 8]]
[[5832, 0, 1728, 19683, 729, 3375, 27, 216, 9261], [2197, 6859, 1000, 4096, 15625, 10648, 1, 21952, 64, 343], [512, 8000, 12167, 24389, 125, 2744, 1331, 17576, 4913, 8]]
[[5832, 0, 1728, 19683, 729, 3375, 27, 216, 9261, 13824], [2197, 6859, 1000, 4096, 15625, 10648, 1, 21952, 64, 343], [512, 8000, 12167, 24389, 125, 2744, 1331, 17576, 4913, 8]]
Hash Chaining
[[5832, 0, 1728, 19683, 729, 3375, 27, 216, 9261, 13824], [2197, 6859, 1000, 4096, 15625, 10648, 1, 21952, 64, 343], [512, 8000, 12167, 24389, 125, 2744, 1331, 17576, 4913, 8]]
[True, True, True, True, True, True, True, True, True, True, True, True, True, True, True, True, True, True, True, True, True, True, True, True, True, True, True, True, True, True]
                     30
Hash Probing   0.182390
Hash Chaining  0.932932
